     0.000       1.22   1.01e+05    288.160 
  1000.000       1.11   8.99e+04    281.660 
  2000.000       1.01   7.95e+04    275.160 
  3000.000      0.909   7.01e+04    268.660 
  4000.000      0.819   6.17e+04    262.160 
  5000.000      0.736   5.41e+04    255.660 
  6000.000       0.66   4.72e+04    249.160 
  7000.000       0.59   4.11e+04    242.660 
  8000.000      0.526   3.57e+04    236.160 
  9000.000      0.467   3.08e+04    229.660 
 10000.000      0.413   2.65e+04    223.160 
 11000.000      0.364   2.27e+04    216.660 
 12000.000      0.311   1.94e+04    216.660 
 13000.000      0.266   1.66e+04    216.660 
 14000.000      0.227   1.41e+04    216.660 
 15000.000      0.194   1.21e+04    216.660 
 16000.000      0.166   1.03e+04    216.660 
 17000.000      0.142   8.82e+03    216.660 
 18000.000      0.121   7.53e+03    216.660 
 19000.000      0.103   6.44e+03    216.660 
 20000.000     0.0884    5.5e+03    216.660 
 21000.000     0.0755    4.7e+03    216.660 
 22000.000     0.0645   4.01e+03    216.660 
 23000.000     0.0551   3.43e+03    216.660 
 24000.000     0.0471   2.93e+03    216.660 
 25000.000     0.0402    2.5e+03    216.660 
 26000.000     0.0344   2.14e+03    216.660 
 27000.000     0.0293   1.83e+03    216.660 
 28000.000     0.0251   1.56e+03    216.660 
 29000.000     0.0214   1.33e+03    216.660 
 30000.000     0.0183   1.14e+03    216.660 
 31000.000     0.0156        973    216.660 
 32000.000     0.0134        831    216.660 
 33000.000     0.0114        710    216.660 
 34000.000    0.00975        607    216.660 
 35000.000    0.00833        518    216.660 
 36000.000    0.00711        443    216.660 
 37000.000    0.00608        378    216.660 
 38000.000    0.00519        323    216.660 
 39000.000    0.00444        276    216.660 
 40000.000    0.00379        236    216.660 
 41000.000    0.00324        202    216.660 
 42000.000    0.00277        172    216.660 
 43000.000    0.00236        147    216.660 
 44000.000    0.00202        126    216.660 
 45000.000    0.00172        107    216.660 
 46000.000    0.00147       91.7    216.660 
 47000.000    0.00126       78.4    216.660 
 48000.000    0.00108       66.9    216.660 
 49000.000   0.000919       57.2    216.660 
 50000.000   0.000785       48.9    216.660 
 51000.000   0.000671       41.7    216.660 
 52000.000   0.000573       35.7    216.660 
 53000.000   0.000489       30.5    216.660 
 54000.000   0.000418         26    216.660 
 55000.000   0.000357       22.2    216.660 
 56000.000   0.000305         19    216.660 
 57000.000   0.000261       16.2    216.660 
 58000.000   0.000223       13.9    216.660 
 59000.000    0.00019       11.8    216.660 
 60000.000   0.000163       10.1    216.660 
 61000.000   0.000139       8.64    216.660 
 62000.000   0.000119       7.39    216.660 
 63000.000   0.000101       6.31    216.660 
 64000.000   8.66e-05       5.39    216.660 
 65000.000    7.4e-05        4.6    216.660 
 66000.000   6.32e-05       3.93    216.660 
 67000.000    5.4e-05       3.36    216.660 
 68000.000   4.61e-05       2.87    216.660 
 69000.000   3.94e-05       2.45    216.660 
 70000.000   3.37e-05        2.1    216.660 
 71000.000   2.88e-05       1.79    216.660 
 72000.000   2.46e-05       1.53    216.660 
 73000.000    2.1e-05       1.31    216.660 
 74000.000   1.79e-05       1.12    216.660 
 75000.000   1.53e-05      0.954    216.660 
 76000.000   1.31e-05      0.815    216.660 
 77000.000   1.12e-05      0.696    216.660 
 78000.000   9.56e-06      0.595    216.660 
 79000.000   8.16e-06      0.508    216.660 
 80000.000   6.97e-06      0.434    216.660 
 81000.000   5.96e-06      0.371    216.660 
 82000.000   5.09e-06      0.317    216.660 
 83000.000   4.35e-06      0.271    216.660 
 84000.000   3.71e-06      0.231    216.660 
 85000.000   3.17e-06      0.198    216.660 
 86000.000   2.71e-06      0.169    216.660 
 87000.000   2.32e-06      0.144    216.660 
 88000.000   1.98e-06      0.123    216.660 
 89000.000   1.69e-06      0.105    216.660 
 90000.000   1.44e-06     0.0899    216.660 
 91000.000   1.23e-06     0.0768    216.660 
 92000.000   1.05e-06     0.0656    216.660 
 93000.000   9.01e-07     0.0561    216.660 
 94000.000   7.69e-07     0.0479    216.660 
 95000.000   6.57e-07     0.0409    216.660 
 96000.000   5.62e-07      0.035    216.660 
 97000.000    4.8e-07     0.0299    216.660 
 98000.000    4.1e-07     0.0255    216.660 
 99000.000    3.5e-07     0.0218    216.660 
100000.000   2.99e-07     0.0186    216.660 
101000.000   2.56e-07     0.0159    216.660 
102000.000   2.18e-07     0.0136    216.660 
103000.000   1.87e-07     0.0116    216.660 
104000.000   1.59e-07    0.00992    216.660 
105000.000   1.36e-07    0.00847    216.660 
106000.000   1.16e-07    0.00724    216.660 
107000.000   9.94e-08    0.00618    216.660 
108000.000   8.49e-08    0.00528    216.660 
109000.000   7.25e-08    0.00451    216.660 
110000.000    6.2e-08    0.00386    216.660 
111000.000   5.29e-08    0.00329    216.660 
112000.000   4.52e-08    0.00281    216.660 
113000.000   3.86e-08     0.0024    216.660 
114000.000    3.3e-08    0.00205    216.660 
115000.000   2.82e-08    0.00175    216.660 
116000.000   2.41e-08     0.0015    216.660 
117000.000   2.06e-08    0.00128    216.660 
118000.000   1.76e-08    0.00109    216.660 
119000.000    1.5e-08   0.000935    216.660 
120000.000   1.28e-08   0.000799    216.660 
121000.000    1.1e-08   0.000682    216.660 
122000.000   9.37e-09   0.000583    216.660 
123000.000      8e-09   0.000498    216.660 
124000.000   6.84e-09   0.000425    216.660 
125000.000   5.84e-09   0.000363    216.660 
126000.000   4.99e-09   0.000311    216.660 
127000.000   4.26e-09   0.000265    216.660 
128000.000   3.64e-09   0.000227    216.660 
129000.000   3.11e-09   0.000194    216.660 
130000.000   2.66e-09   0.000165    216.660 
131000.000   2.27e-09   0.000141    216.660 
132000.000   1.94e-09   0.000121    216.660 
133000.000   1.66e-09   0.000103    216.660 
134000.000   1.42e-09   8.81e-05    216.660 
135000.000   1.21e-09   7.53e-05    216.660 
136000.000   1.03e-09   6.43e-05    216.660 
137000.000   8.83e-10   5.49e-05    216.660 
138000.000   7.54e-10   4.69e-05    216.660 
139000.000   6.44e-10   4.01e-05    216.660 
140000.000    5.5e-10   3.43e-05    216.660 
141000.000    4.7e-10   2.93e-05    216.660 
142000.000   4.02e-10    2.5e-05    216.660 
143000.000   3.43e-10   2.14e-05    216.660 
144000.000   2.93e-10   1.82e-05    216.660 
145000.000   2.51e-10   1.56e-05    216.660 
146000.000   2.14e-10   1.33e-05    216.660 
147000.000   1.83e-10   1.14e-05    216.660 
148000.000   1.56e-10   9.72e-06    216.660 
149000.000   1.33e-10   8.31e-06    216.660 
150000.000   1.14e-10    7.1e-06    216.660 
151000.000   9.74e-11   6.06e-06    216.660 
152000.000   8.32e-11   5.18e-06    216.660 
153000.000   7.11e-11   4.42e-06    216.660 
154000.000   6.07e-11   3.78e-06    216.660 
155000.000   5.19e-11   3.23e-06    216.660 
156000.000   4.43e-11   2.76e-06    216.660 
157000.000   3.79e-11   2.36e-06    216.660 
158000.000   3.24e-11   2.01e-06    216.660 
159000.000   2.76e-11   1.72e-06    216.660 
160000.000   2.36e-11   1.47e-06    216.660 
161000.000   2.02e-11   1.26e-06    216.660 
162000.000   1.72e-11   1.07e-06    216.660 
163000.000   1.47e-11   9.16e-07    216.660 
164000.000   1.26e-11   7.83e-07    216.660 
165000.000   1.07e-11   6.69e-07    216.660 
166000.000   9.18e-12   5.71e-07    216.660 
167000.000   7.84e-12   4.88e-07    216.660 
168000.000    6.7e-12   4.17e-07    216.660 
169000.000   5.72e-12   3.56e-07    216.660 
170000.000   4.89e-12   3.04e-07    216.660 
171000.000   4.18e-12    2.6e-07    216.660 
172000.000   3.57e-12   2.22e-07    216.660 
173000.000   3.05e-12    1.9e-07    216.660 
174000.000   2.61e-12   1.62e-07    216.660 
175000.000   2.23e-12   1.39e-07    216.660 
176000.000    1.9e-12   1.18e-07    216.660 
177000.000   1.62e-12   1.01e-07    216.660 
178000.000   1.39e-12   8.64e-08    216.660 
179000.000   1.19e-12   7.38e-08    216.660 
180000.000   1.01e-12    6.3e-08    216.660 
181000.000   8.65e-13   5.39e-08    216.660 
182000.000   7.39e-13    4.6e-08    216.660 
183000.000   6.32e-13   3.93e-08    216.660 
184000.000    5.4e-13   3.36e-08    216.660 
185000.000   4.61e-13   2.87e-08    216.660 
186000.000   3.94e-13   2.45e-08    216.660 
187000.000   3.36e-13   2.09e-08    216.660 
188000.000   2.87e-13   1.79e-08    216.660 
189000.000   2.46e-13   1.53e-08    216.660 
190000.000    2.1e-13   1.31e-08    216.660 
191000.000   1.79e-13   1.12e-08    216.660 
192000.000   1.53e-13   9.53e-09    216.660 
193000.000   1.31e-13   8.14e-09    216.660 
194000.000   1.12e-13   6.95e-09    216.660 
195000.000   9.55e-14   5.94e-09    216.660 
196000.000   8.16e-14   5.08e-09    216.660 
197000.000   6.97e-14   4.34e-09    216.660 
198000.000   5.95e-14    3.7e-09    216.660 
199000.000   5.09e-14   3.17e-09    216.660 
200000.000   4.34e-14    2.7e-09    216.660 
